%YAML:1.0
---
date: "Fri Apr 21 18:04:17 2017\n"
paramsD: !!opencv-matrix
   rows: 5
   cols: 1
   dt: d
   data: [ -1.8760877927608505e-01, 4.4073467843159286e-01,
       -7.9719898114967557e-03, 7.0444321383721965e-04, 0. ]
matrixK: !!opencv-matrix
   rows: 3
   cols: 3
   dt: d
   data: [ 1.7148064966007014e+03, 0., 6.3487269692723635e+02, 0.,
       1.7191518028480377e+03, 2.9271679032159892e+02, 0., 0., 1. ]
matrixP: !!opencv-matrix
   rows: 3
   cols: 4
   dt: d
   data: [ 1.6863729248046875e+03, 0., 6.3535169147186025e+02, 0., 0.,
       1.7012392578125000e+03, 2.8995610657043289e+02, 0., 0., 0., 1.,
       0. ]